CHR	sites	snps	infofilter	genofilter	bpfilter	acfilter
chr_10 22897246 2444077 2076733 745759 591732 417538
chr_11 22915265 2411040 2079724 790934 629053 442865
chr_12 22578539 2337466 2030807 771240 614690 435538
chr_13 21767569 2237939 1931004 692488 552087 388056
chr_14 20807150 2221300 1891696 711885 564469 399800
chr_15 18268871 1897100 1585669 595040 472981 335077
chr_16 17582499 1810661 1499096 573926 455401 323515
chr_17 15626207 1596213 1363556 538406 427270 302813
chr_18 13570600 1401396 1170218 462783 367125 260971
chr_19 12778664 1353683 1148353 470133 371125 263126
chr_1 208977230 21035159 18258862 6045131 4900114 3418556
chr_20 12566413 1320188 1118287 447614 353222 250586
chr_21 9296114 992069 808524 319662 251187 178604
chr_22 8817390 940333 760748 286423 225226 159152
chr_23 8474504 948652 797789 331942 257191 181432
chr_24 8006937 842562 685146 267620 209305 149497
chr_25 7668243 822564 622011 214699 168239 120011
chr_26 7126853 733521 565227 210359 164436 116632
chr_27 7090391 748734 584273 207065 161739 115343
chr_28 3982681 480204 350370 103678 79203 56614
chr_29 3642716 413349 315789 90711 69114 49153
chr_2 161946457 15826267 13843850 4590450 3736017 2589676
chr_3 121903785 12200939 10574689 3577470 2896268 2027928
chr_4 79989348 8125454 6979981 2239647 1808314 1260893
chr_5 68954587 6428229 5562519 1913395 1565598 1097489
chr_6 42869051 4209336 3630907 1295196 1043118 729549
chr_7 39352106 4059036 3497436 1284504 1028770 725789
chr_8 34775471 3299898 2845130 1014795 818787 575360
chr_9 27965745 2932649 2513137 919299 733815 518164
chr_MT 19682 2140 870 526 458 457
chr_W 21319729 491271 255298 84511 79691 79533
chr_Z 78147099 6050915 5367971 761426 699661 687584
